1 10001 10003 10006 10016 10021 10028 10030 10032 10035 10037 10038
    10040 10042 10046 10051 10052 10060 10061 10065 10071 10072 10073 10074 10076
    10077 10079 10081 10084 10087 10095 10102 10104 10105 10107 10111 10113 10117
    10118 10119 10122 10129 10130 10131 10133 10134 10137 10139 10140 10143 10144
    10145 10148 10151 10153 10154 10155 10156 10158 10161 10166 10169 1017 10171 10173
    10174 10175 10176 10177 10179 10180 10189 10195 10196 10199 1020 10210 10211 10214
    10215 10225 10229 10232 10235 10244 10254 10255 10256 10258 10263 10264 1027 10276
    10277 10279 10282 10283 10285 10289 10290 10291 10299 10302 10304 10307 10309
    10312 10313 10320 10322 10323 10324 10326 10343 10345 10346 10391 10393 10394
    10405 10406 10407 10408 10409 10410 10411 10412 10413 10414 10415 10416 10417
    10418 10419 10420 10421 10422 10423 10424 10425 10427 10428 10429 10434 10438
    10439 1044 10440 10443 10451 10452 10453 10454 10460 10461 10463 10466 10472 10475
    10478 10480 10483 10492 10493 10494 10495 10498 10499 10500 10501 10502 10503
    10504 10505 10506 10507 10508 10509 10510 10511 10512 10513 10514 10515 10516
    10517 10518 10519 10520 10521 10522 10523 10534 10535 10536 10538 10539 1054 10543
    10544 10545 10546 10547 10549 10552 10555 10556 10560 10562 10563 10564 10565
    10566 10567 10568 10569 10570 10571 10572 10573 10574 10575 10576 10577 10578
    10579 10580 10581 10582 10583 10584 10585 10586 10587 10588 10590 10591 10592
    10594 10595 10596 10597 10599 10600 10601 10602 10603 10604 10606 10607 10608
    10609 10610 10611 10612 10613 10614 10615 10616 10617 10618 10619 10620 10621
    10622 10623 10624 10625 10626 10627 10628 10629 10630 10631 10632 10633 10635
    10636 10637 10638 10639 10641 10645 10646 10647 10648 10650 10712 10713 10714
    10715 10716 10717 10718 10719 10720 10721 10722 10723 10724 10725 10726 10727
    10728 10729 1073 10730 10731 10732 10733 10734 10735 10736 10737 10738 10739 10740
    10741 10742 10743 10744 10745 10746 10747 10748 10749 10750 10751 10752 10753
    10754 10755 10756 10757 10758 10759 1076 10760 10761 10778 10781 10782 10783 10784
    10785 10794 10796 10803 10812 10813 10814 10816 10820 10824 10826 10827 10829
    10838 1084 10840 10842 10843 10845 10846 10847 10848 10849 10852 10855 10858 10859
    10861 10862 10863 10865 10868 10872 10873 10874 10877 10878 10881 10882 10883
    10885 10886 10887 10890 10892 10898 10899 10901 10902 10904 10907 10908 10909
    10913 10914 10919 10920 10921 10922 10924 10929 10934 10935 10941 10942 10943
    10944 10945 10946 10947 10948 10949 10950 10951 10952 10953 10954 10955 10956
    10957 10961 10963 10964 10965 10969 10970 10971 10972 10973 10976 10978 10979
    10986 10987 10988 10990 10996 10997 11000 11001 11002 11004 11006 11010 11011
    11018 11019 11021 11022 11023 11028 11029 11033 11034 11035 11036 11038 11040
    11041 11045 11046 11047 11048 11049 11050 11051 11056 11057 11058 11061 11062
    11064 11065 11068 11071 11073 11075 11076 11077 11079 11086 11087 11089 11095
    11096 11099 11101 11103 11105 11106 11107 11111 11112 11115 11116 11117 11119
    11120 11123 11124 11125 11127 11133 11137 11138 11143 11146 11151 11153 11155
    11160 11162 11164 11165 11167 11169 11172 11174 11176 11178 11181 11184 11186
    11190 11191 11193 11194 11195 11196 11197 11198 11199 11200 11201 11202 11203
    11204 11205 11209 11210 11211 11214 11216 11218 11219 11223 11224 11225 11227
    11228 11229 11230 11232 11234 11236 11237 11238 11239 11245 11246 11249 11252
    11253 11257 11259 1126 11260 11262 11265 11266 11267 11268 11270 11271 11279 11281
    11283 11284 11289 11290 11296 11299 11302 11304 11305 11306 11307 11308 11309
    11310 11326 11327 11328 11329 11330 11331 11332 11333 11334 11335 11347 11348
    11349 11350 11351 11352 11353 11354 11355 11356 11357 11358 11359 11360 11361
    11362 11363 11364 11365 11366 11367 11368 11369 11371 11374 11375 11376 11377
    11379 11380 11383 11388 11391 11392 11393 11394 11396 11398 11400 11404 11408
    11410 11411 11414 11421 11422 11426 11429 11430 11433 11434 11437 11438 11439
    11445 11453 11454 11455 11459 11463 11465 11466 11467 11468 11471 11473 11474
    11476 11477 11480 11481 11482 11484 11485 11487 11488 11489 11493 11494 11496
    11497 11500 11502 11503 11505 11506 11507 11509 11511 11512 11513 11514 11516
    11518 11520 11521 11522 11525 11528 11529 11531 11533 11536 11538 11540 11542
    11543 11545 11547 11548 11551 11552 11554 11555 11556 11557 11558 11559 11560
    11561 11562 11563 11564 11565 11566 11567 11568 11569 11570 11571 11572 11573
    11574 11575 11576 11577 11578 11579 11580 11581 11582 11583 11584 11585 11586
    11587 11588 11589 11590 11591 11592 11593 11594 11595 11596 11597 11598 11599
    11600 11601 11602 11603 11604 11605 11606 11607 11608 11609 11610 11611 11612
    11613 11614 11615 11616 11618 11619 11621 11622 11623 11624 11625 11627 11630
    11631 11632 11633 11634 11635 11636 11638 11639 11640 11644 11645 11650 11653
    11654 11655 11656 11657 11660 11661 11665 11667 11670 11671 11672 11673 11675
    11676 11677 11678 11679 11684 11685 11686 11691 11693 11694 11695 11696 11697
    11699 11701 11703 11704 11705 11709 11710 11712 11713 11714 11715 11722 11726
    11728 11729 11730 11733 11738 1174 11742 11743 11747 11748 11749 11750 11752 11753
    11754 11757 11760 11761 11764 11767 11768 11769 11772 11773 11774 11775 11776
    11778 11779 11780 11781 11782 11784 11786 11787 11789 11792 11794 11795 11797
    11799 11800 11802 11804 11806 11811 11812 11818 11822 11824 11828 11832 11836
    11837 11843 11845 11846 11847 11852 11853 11854 11856 11858 11859 11862 11863
    11865 11869 11870 11871 11878 11883 11884 11885 11886 11888 11891 11892 11893
    11895 11896 11897 11900 11901 11902 11904 11906 11909 11910 11911 11912 11913
    11915 11916 11917 11918 11919 11920 11923 11924 11927 11928 11930 11932 11934
    11936 11937 11938 11939 1194 11941 11942 11945 11948 11949 11951 11952 11953 11955
    11957 11961 11962 11963 11964 11967 11972 11979 11983 11986 11988 11990 11991
    12000 12001 12002 12003 12004 12005 12008 12012 12013 12015 12016 12017 12018
    12021 12022 12023 12024 12026 12027 12030 12031 12032 12038 12040 12042 12043
    12045 12046 12047 12049 12051 12052 12053 12054 12059 12061 12062 12063 12064
    12066 12074 12075 12077 12079 12082 12086 12088 12089 12091 12092 12093 12097
    12098 12100 12101 12102 12103 12104 12106 12108 12112 12117 12118 12120 12121
    12122 12123 12124 12130 12134 12137 12138 12141 12145 12146 12149 12151 12152
    12155 12156 12159 12162 12163 12166 12168 12169 12170 12171 12172 12179 12180
    12182 12184 12185 12186 12189 12191 12193 12196 12198 12203 12204 12205 12207
    12208 12212 12215 12216 12217 12219 12222 12224 12225 12226 12228 12231 12232
    12234 12235 12236 12237 12238 12242 12243 12244 12245 12246 12248 12249 12250
    12255 12256 12257 12258 12259 12260 12261 12262 12264 12265 12267 12269 12270
    12271 12272 12274 12276 12279 12281 12282 12283 12284 12287 12288 12292 12294
    12295 12298 12300 12301 12302 12303 12305 12307 12310 12312 12314 12317 12319
    12320 12326 12327 12329 12333 12334 12338 12339 12340 12341 12342 12343 12351
    12352 12353 12359 12361 12366 12367 12370 12371 12373 12374 12375 12376 12380
    12382 12386 12387 12388 12389 12390 12391 12395 12398 12400 12401 12402 12403
    12404 12405 12406 12407 12409 12413 12417 12419 12421 12425 12427 12428 12429
    12431 12432 12433 12435 12438 12439 12440 12441 12442 12445 12447 12448 12449
    12450 12453 12454 12457 12458 12460 12461 12462 12467 12471 12472 12473 12475
    12478 12479 12483 12485 12487 12488 12491 12492 12494 12495 12500 12502 12517
    12518 12519 12520 12521 12523 12525 12526 12527 12528 12529 12530 12531 12534
    12535 12537 12539 12541 12542 12543 12545 12549 12551 12552 12553 12554 12555
    12557 12566 12567 12568 12569 12572 12575 12576 12577 12578 12579 12581 12584
    12585 12586 12587 12588 12590 12592 12596 12600 12601 12602 12605 12606 12607
    12609 12612 12613 12614 12615 12616 12617 12618 12619 12620 12621 12622 12625
    12626 12627 12628 12630 12635 12641 12643 12644 12651 12652 12655 12656 12659
    12661 12664 12665 12667 12668 12670 12671 12676 12678 12679 12680 12683 12684
    12686 12689 12691 12692 12693 12696 1270 12703 12705 12706 12708 12710 12714 12715
    12718 12720 12722 12723 12724 12725 12726 12728 12729 12733 12734 12736 12737
    12738 12739 12741 12742 12744 12745 12746 12747 12748 12751 12756 12757 12758
    12759 12760 12765 12766 12767 12773 12777 12779 12782 12784 12785 12786 12787
    12790 12791 12794 12796 12797 12798 12799 12803 12804 12807 12808 12811 12812
    12813 12815 1282 12820 12822 12824 12827 12829 12831 12832 12834 12835 12836 12837
    12838 12839 12840 12841 12844 12846 12847 12848 12849 12850 12852 12853 12855
    12856 12861 12864 12868 12869 12872 12873 12877 12880 12881 12882 12883 12884
    12885 12886 12887 12888 12889 12891 12892 12894 12895 12896 12897 12898 12899
    12900 12901 12902 12903 12904 12905 12906 12907 12908 12909 12910 12911 12913
    12914 12916 12917 12918 12919 12920 12921 12922 12923 12924 12925 12926 12927
    12928 12946 12948 12950 12952 12953 12954 12955 12956 12957 12959 12960 12961
    12962 12963 12964 12965 12966 12967 12968 12969 12970 12972 12973 12975 12976
    12977 12979 12981 12985 12986 12988 12989 12991 12992 12993 12995 12996 12999
    13003 13008 13009 13011 13012 13013 13014 13015 13016 13017 13018 13019 13022
    13023 13024 13025 13026 13031 13033 13034 13036 13039 13041 13042 13043 13044
    13046 13047 13056 13057 13060 13061 13062 13063 13064 13067 13068 13069 13073
    13074 13079 13080 13081 13083 13086 13087 13092 13094 13096 13097 13098 13100
    13101 13102 13109 13111 13114 13115 13117 13123 13125 13127 13128 13131 13136
    13137 13142 13144 13146 13148 13151 13163 13164 13166 13168 13169 13171 13172
    13175 13176 13177 13185 13186 13189 13190 13191 13192 13194 13196 13197 13198
    13203 13206 13207 13209 13210 13211 13212 13215 13216 13219 13220 13221 13222
    13224 13225 13227 13229 1323 13230 13231 13234 13235 13238 13239 13241 13242 13243
    13244 13245 13248 13249 13250 13251 13259 13260 13262 13263 13266 13267 13268
    13270 13271 13274 13276 13277 13278 13280 13281 13284 13285 13286 13287 13288
    13289 13290 13291 13292 13293 13294 13295 13296 13297 13298 13299 13300 13301
    13302 13303 13304 13305 13306 13307 13308 13309 13310 13311 13312 13313 13314
    13315 13316 13317 13318 13319 1332 13320 13321 13322 13323 13324 13325 13326 13327
    13328 13329 13330 13331 13332 13333 13334 13335 13336 13337 13338 13342 13343
    13352 13353 13354 13358 13360 13361 13362 13364 13365 13367 13368 1337 13371 13377
    13379 13380 13382 13384 13390 13392 13394 13395 13396 13397 13398 13399 13411
    13415 13416 13417 13418 13419 13422 13423 13424 13425 13426 13427 13428 13429
    13430 13431 13432 13433 13434 13435 13436 13437 13438 13439 13440 13441 13442
    13443 13444 13445 13446 13447 13452 13453 13455 13457 1346 13460 13461 13464 13465
    13467 13473 13474 13475 1348 13480 13482 13484 13489 13490 13495 13497 13500 13503
    13504 13505 13510 13513 13517 13520 13521 13522 13523 13526 13529 13531 13534
    13535 13538 13539 13540 13546 13548 13551 13553 13554 13555 13557 13558 13559
    13561 13562 13563 13565 13568 13569 13570 13571 13572 13573 13574 13575 13576
    13577 13578 13579 13580 13581 13582 13583 13584 13585 13586 13587 13588 13589
    13590 13591 13592 13593 13594 13595 13596 13597 13598 13599 13600 13601 13602
    13603 13604 13619 1362 13622 13624 13626 13630 13631 13632 13633 13634 13638 13639
    13640 13643 13645 13646 13648 13649 13651 13655 13656 13661 13662 13664 13676
    13677 13683 13684 13685 13686 13689 13694 13697 13698 13699 13700 13701 13707
    13708 13709 1371 13710 13711 13712 13713 13714 13715 13716 13721 13725 13729 13730
    13731 13732 13741 13743 13746 13747 13749 13751 13753 13755 13756 13757 13758
    13762 13766 13769 13773 13776 13777 13784 13787 13788 13790 13792 13796 13799
    13800 13801 13804 13807 13811 13813 13815 13817 13819 13823 13824 13826 13827
    13828 13831 13832 13835 13839 13840 13841 13842 13844 13848 13850 13855 13856
    13857 13858 13860 13861 13862 13867 13868 13870 13871 13872 13874 13876 13879
    13881 13882 13883 13884 13885 13888 1389 13891 13892 13893 13894 13895 13896 13898
    13901 13907 13908 13910 13913 13914 13915 13917 13926 13930 13936 13938 13939
    13942 13943 13946 13948 13951 13953 13956 13961 13962 13963 13968 13969 13970
    13971 13972 13980 13981 13982 13983 13984 13988 13989 13990 13992 13993 13994
    13996 13999 14001 14002 14003 14004 14005 14006 14007 14010 14011 14018 14019
    14020 14021 14023 14025 14028 14029 14036 14038 14039 1404 14040 14048 14049 14053
    14054 14055 14056 14057 14058 14059 14060 14061 14064 14066 14074 14080 14081
    14085 14086 14087 14088 14089 14090 14091 14095 14096 14098 14099 14100 14103
    14104 14114 14117 14119 1412 14121 14122 14123 14131 14132 14133 14134 14136 14137
    14138 14139 14142 14143 14146 14147 14150 14151 14156 14162 14164 14165 14166
    14167 14171 14174 14179 14184 14186 14189 14192 14200 14202 14203 14208 14212
    14214 14215 14217 1422 14222 14223 14224 14228 14229 14231 14233 14234 14237 14238
    14239 14240 14241 14242 14243 14248 1425 14251 14252 14255 14257 14259 14260 14262
    14268 14269 14270 14273 14274 14275 14277 14278 14279 14280 14281 14282 14283
    14286 14288 14289 14290 14291 14292 14295 14296 14297 14303 14306 14307 14310
    14314 14317 14319 14321 14322 14325 14326 14329 14331 14332 14334 14335 14336
    14337 14341 14344 14345 14347 14349 14351 14352 14353 14355 14356 14359 14360
    14362 14363 14364 14365 14368 14369 14370 14371 14372 14375 14379 14380 14382
    14386 14387 14389 14391 14392 144 14403 14407 14409 14411 14412 14413 14414 14415
    14417 14423 14425 14426 14427 14434 14435 14436 14437 14439 14441 14442 14444
    14447 14449 14452 14458 14459 14460 14465 14468 14469 14471 14472 14478 14489
    14495 14499 14503 14511 14518 14519 14522 14523 14524 14525 14526 14528 14532
    14534 14536 14538 14540 14541 14542 14543 14546 14552 14553 14555 14556 14558
    14559 14561 14562 14563 1457 14570 14582 14588 14593 14594 14596 14597 1460 14603
    14606 14610 14612 14613 14614 14617 1462 14620 14622 14623 14625 14627 14646 14648
    14650 14654 14655 14658 14665 14668 14678 14681 14682 14685 14687 14689 14690
    14694 14695 14696 14697 14698 14699 14713 14723 14726 14729 14730 14735 14739
    14740 14741 14745 14750 14751 14753 14759 14762 14770 1485 1526 1532 1539 1541
    1552 1555 1611 1612 1625 1638 1643 1670 1677 1687 1699 1705 1707 1708 1736 1737
    1744 1761 1763 1764 1778 1785 1789 1790 1803 1823 1824 1840 1869 1899 1908 1910
    1919 1936 1937 1945 1951 1960 1984 1992 1995 2000 2013 2015 2016 2017 2020 2026
    2031 2032 2050 2082 2084 2102 2104 2106 2107 2108 2122 2123 2130 2131 2142 2161
    2180 2193 2195 2204 2224 2234 2235 2239 2240 2251 2258 2259 2305 2338 2360 2361
    2363 2365 2371 2374 2375 2377 2378 2379 2387 2389 2390 2391 2393 2394 2399 2401
    2404 2409 2412 2415 2420 2421 2422 2423 2427 2429 243 2430 2431 2433 2435 2436
    2444 2445 2447 2452 2454 2455 2456 2458 2459 2460 2462 2464 2466 2468 2471 2474
    2487 2496 2501 2504 2508 2509 2511 2516 2519 2522 2538 2544 2545 2547 2549 2550
    2560 2562 2564 2565 2567 2569 2570 2573 2576 2579 2582 2583 2593 2595 2596 2598
    2601 2602 2611 2614 2618 2621 2622 2628 2634 2635 2641 2646 2647 2648 2650 2651
    2653 2662 2669 2675 2676 2686 2689 2691 2698 2699 2700 2701 2702 2703 2704 2705
    2706 2707 2708 2709 2723 2727 2728 2729 2733 2734 2735 2742 2743 2745 2746 2753
    2755 2758 2766 2769 2774 2775 2778 2782 2786 2787 2789 2792 2796 2799 2801 2803
    2807 2809 2823 2826 2827 2829 2830 2832 2837 2839 2848 2852 2855 2867 2869 2876
    2880 2882 2887 2888 2892 2893 2895 2899 2900 2903 2909 2918 2919 2921 2923 2925
    2931 2937 2938 2940 2941 2944 2950 2951 2954 2957 2959 2962 2973 2976 2980 2986
    2988 2996 2999 3002 3003 3025 3031 3032 3038 3041 3047 3048 3050 3054 3057 3059
    3061 3062 3063 3072 3079 3087 3089 3092 3095 3097 3101 3108 3109 3111 3123 3124
    3127 3131 3139 3146 3151 3152 3155 3156 3162 3165 3166 3170 3171 3173 3180 3182
    3183 3196 3207 3216 3242 3243 3247 3249 3251 3252 3253 3255 3256 3265 3267 3272
    3275 3279 3281 3290 3291 3293 3294 3295 3307 3310 3313 3316 3324 3325 3330 3332
    3334 3336 3337 3342 3347 3349 3350 3359 3363 3364 3365 3370 3374 3375 3385 3386
    3391 3392 3393 3394 3397 3401 3402 3407 3420 3424 3430 3436 3454 3457 3463 3469
    3475 3476 3478 3482 3485 3488 3491 3492 3500 3502 3508 3511 3520 3531 3534 3539
    3541 3545 3551 3552 3556 3561 3563 3569 3570 3600 3602 3603 3604 3605 3606 3607
    3608 3611 3617 3620 3622 3623 3625 3626 3627 3628 3629 3630 3645 3652 3654 3655
    3656 3657 3658 3665 3666 3671 3674 3676 3677 3680 3681 3686 3693 3695 3706 3707
    3708 3709 3711 3712 3713 3714 3715 3717 3719 3720 3725 3727 3728 3730 3732 3733
    3739 3740 3741 3742 3743 3745 3746 3748 3751 3756 3761 3774 3784 3785 3790 3803
    3805 3813 3818 3822 3824 3829 3835 3840 3842 3843 3846 3847 3851 3853 3854 3857
    3858 3860 3861 3866 3869 3871 3874 3881 3884 3889 3892 3896 3900 3903 3904 3906
    3912 3913 3921 3922 3927 3928 3929 3931 3936 3937 3942 3943 3946 3950 3960 3964
    3965 3966 3967 3968 3970 4127 4136 4139 4141 4143 4146 4149 4150 4155 4157 4162
    4163 4164 417 4174 4176 4179 4181 4186 4187 4188 4194 4195 4199 4201 4202 4203
    4204 4213 4214 4224 4226 4231 424 4245 4246 4248 4250 4251 4253 4254 4256 4258
    4275 4304 4320 4327 4329 4334 4335 4351 4352 4353 4361 4384 4385 4393 4399 4408
    4411 4415 4418 4419 4426 4458 4460 4462 4476 4481 4495 4503 4505 4508 4510 4512
    4517 4518 4519 4522 4527 4534 4536 4539 4544 4549 4550 4552 4555 4556 4559 4565
    4566 4576 4589 4590 4593 4594 4598 4599 4604 4605 4616 4617 4619 4622 4635 4640
    4641 4660 4666 4669 4672 4673 4693 4700 4702 4703 4704 4710 4712 4714 4716 4717
    4720 4721 4723 4743 4744 4749 4750 4751 4752 4755 4756 4758 4761 4762 4764 4770
    4775 4776 4778 4780 4784 4788 4789 4796 4804 4806 4808 4820 4822 4824 4827 4829
    4833 4840 4841 4845 4846 4854 4859 4861 4865 4866 4867 4868 4869 4871 4872 4873
    4874 4876 4877 4878 4882 4883 4885 4889 4890 4892 4897 4902 4907 4911 4915 4918
    4919 4920 4921 4923 4924 4925 4926 4927 4928 4929 4930 4931 4932 4933 4934 4935
    4936 4937 4940 4941 4942 4943 4944 4959 4975 4977 4978 4986 4987 4997 5002 5005
    5011 5017 5019 5023 5030 5031 5036 5039 5043 5045 5046 5054 5056 5057 5065 5068
    5072 508 5080 5086 5093 5106 5107 5108 5120 5121 5127 5133 5138 5142 5143 5147
    5149 5151 5152 5154 516 5161 5168 5170 5174 5177 5184 5201 5202 5204 5207 5209
    5224 5228 5230 5231 5242 5247 5248 5251 5259 5262 5268 5270 5274 5279 5287 5288
    5294 5297 5298 5305 5308 5311 5312 5316 5317 5319 5322 5326 5329 5360 5379 5386
    5388 5390 5391 5392 5393 5394 5395 5396 5398 5399 5400 5401 5402 5403 5404 5405
    5406 5407 5408 5436 5439 5440 5449 5450 5456 5459 5462 5466 5467 5470 5473 5478
    5479 5487 5492 5495 5501 5511 5516 5528 5533 5534 5540 5545 5546 5554 5556 5560
    5561 5565 5566 5568 5572 5576 5581 5591 5595 5597 5598 5603 5612 5629 5635 5639
    5647 5648 5667 5692 5704 5714 5716 5727 5732 5736 5743 5748 5755 5759 5760 5761
    5762 5763 5765 5767 5768 5770 5773 5780 5783 5785 5788 5789 5790 5791 5793 5794
    5796 5798 5799 5806 5808 5809 5812 5813 5814 5815 5816 5817 5818 5819 5820 5821
    5822 5823 5835 5841 5846 5848 5849 5850 5851 5857 5858 5860 5862 5863 5865 5866
    5867 5868 5870 5871 5872 5873 5874 5875 5876 5877 5878 5879 5880 5881 5882 5883
    5884 5885 5886 5887 5888 5889 5890 5891 5892 5893 5894 5895 5896 5897 5898 5899
    5900 5901 5902 5903 5904 5905 5906 5907 5909 5910 5911 5912 5914 5916 5917 5918
    5919 5920 5921 5922 5924 5925 5926 5927 5928 5929 5930 5931 5932 5933 5934 5935
    5936 5937 5938 5939 5940 5941 5942 5943 5944 5945 5946 5947 5948 5950 5951 5952
    5953 5954 5955 5956 5957 5958 5959 5960 5961 5962 5963 5965 5966 5968 5970 5971
    5972 5973 5974 5976 5977 5978 5979 5981 5982 5983 5984 5985 5986 5987 5988 5990
    5991 5992 5993 5994 5995 5996 5997 5998 5999 6000 6001 6002 6003 6005 6006 6007
    6008 6009 6010 6011 6012 6013 6014 6015 6016 6017 6018 6019 6020 6023 6025 6026
    6028 6029 6031 6032 6039 6041 6042 6043 6044 6045 6047 6048 6049 6050 6053 6054
    6055 6056 6057 6058 6060 6061 6062 6064 6067 6068 6069 6071 6072 6074 6075 6076
    6079 6080 6081 6082 6084 6088 6089 6090 6092 6101 6103 6105 6108 6109 6116 6118
    6119 6122 6129 6134 6135 6139 6147 6150 6159 6165 6168 6179 6185 6186 6187 6191
    6193 6198 6199 6200 6205 6207 6211 6212 6228 6230 6231 6232 6235 6236 6237 6240
    6245 6247 6248 6251 6252 6261 6263 6264 6265 6266 6275 6278 6279 6282 6288 6292
    6294 6295 6300 6309 6313 6326 6329 6330 6332 6334 6341 6342 6344 6349 6354 6355
    6361 6376 6377 6379 6380 6381 6382 6383 6384 6386 6388 6389 6393 6395 6398 64
    6401 6402 6406 6408 6409 6411 6420 6429 6432 6433 6437 6438 6439 6440 6441 6443
    6444 6446 6447 6448 6449 6450 6451 6452 6453 6454 6455 6456 6457 6459 6460 6461
    6462 6463 6466 6467 6468 6469 6470 6471 6472 6473 6474 6476 6477 6478 6479 6480
    6482 6483 6484 6485 6486 6487 6488 6489 6490 6491 6492 6493 6494 6495 6496 6497
    6499 6500 6501 6503 6504 6505 6506 6507 6508 6509 6510 6511 6512 6513 6514 6516
    6517 6519 6520 6524 6527 6528 6529 6530 6531 6532 6534 6535 6536 6537 6538 6539
    6540 6541 6542 6544 6545 6546 6547 6548 6549 6550 6551 6552 6553 6554 6555 6556
    6557 6558 6559 6560 6561 6562 6563 6577 6580 6586 6588 6597 6601 6615 6619 6620
    6621 6622 6623 6629 6630 6632 6633 6645 6650 6655 6660 6661 6666 6671 6672 6673
    6674 6678 6679 6683 6684 6685 6688 6691 6692 6694 6695 6697 6698 6699 6701 6707
    6709 6712 6713 6714 6718 6719 672 6722 6723 6724 6729 6731 6733 6734 6744 6745
    6746 6750 6754 6759 6761 6762 6763 6765 6766 6767 6770 6772 6773 6774 6791 6808
    6814 6821 6825 6831 6832 6833 6835 6838 6839 6840 6844 6845 6847 6851 6854 6856
    6859 6860 6863 6865 6866 6867 6868 6869 6871 6872 6878 6880 6881 6884 6887 6888
    6889 6891 6892 6893 6896 6897 6901 6902 6909 6910 6914 6917 6919 6921 6924 6926
    6931 6933 6937 6938 6947 6956 6960 6962 6969 6977 698 6980 6982 6986 6991 6998
    7006 7013 7014 7021 7022 7026 7027 7030 7032 7033 7043 7045 7058 7059 7061 7065
    7068 7069 7070 7072 7073 7076 7078 7079 7086 7087 7090 7097 7098 7101 7102 7104
    7113 7117 7121 7122 7123 7124 7126 7130 7131 7137 7142 7145 7148 7151 7163 7167
    7168 7170 7172 7173 7177 7181 7182 7183 7185 7188 7190 7193 7194 7195 7196 7201
    7202 7204 7210 7213 7215 7216 7221 7227 7228 7229 7230 7233 7238 7239 7240 7241
    7242 7255 7256 7259 7266 7267 7269 7271 7273 7276 7277 7281 7282 7283 7284 7286
    7287 7288 7290 7295 7296 7301 7311 7316 7319 7322 7329 7332 7334 7335 7336 7337
    7340 7343 7345 7346 7356 7359 7360 7362 7363 7366 7369 7371 7374 7378 7381 7382
    7383 7386 7387 7390 7391 7392 7393 7396 7411 7412 7416 742 7423 7424 7432 7434
    7435 7436 7441 7443 7445 7447 745 7450 7455 7456 7459 746 7461 7464 7466 7471
    7472 7473 7475 7477 7478 7483 7484 7488 7490 7491 7495 7496 7497 7498 7499 7500
    7501 7508 7510 7512 7514 7515 7516 7519 7523 7525 7537 7552 7556 7557 7560 7567
    7569 7572 7576 7579 7581 7588 759 7591 7594 7595 7596 7597 7598 7603 7607 7611
    7614 7615 7616 7617 7618 7621 7625 7627 7628 7629 7632 7633 7637 7645 7648 7649
    7655 7658 7660 7664 7667 7670 7672 7682 7683 7684 7685 7688 7689 7690 7692 7694
    7695 7699 7700 7704 7706 7713 7719 7720 7721 7727 7728 7732 7733 7734 7736 7737
    7739 7741 7743 7751 7752 7754 7756 7758 7761 7766 7773 7775 7776 7777 7778 7781
    7791 7792 7793 7796 7798 7803 7805 7806 7809 781 7810 7813 7817 7828 7838 7847
    7849 7851 7855 7857 7858 7860 7861 7863 7866 7869 7870 7872 7875 7879 7880 7882
    7887 7891 7892 7900 7905 7908 7909 7911 7917 7930 7931 7933 7936 7937 7939 7940
    7941 7945 7955 7958 7964 7965 7966 7974 7977 7978 7981 7984 7986 7987 7988 7989
    7990 7991 7992 7993 8002 8004 8007 8008 8010 8013 8016 8017 8021 8024 8028 8038
    8039 8040 8043 8049 8051 8056 8063 8069 807 8071 8072 8073 8080 8081 8082 8088
    8094 8096 8097 8099 8101 8102 8105 8107 8109 8110 8111 8112 8113 8116 8119 8120
    8122 8123 8124 8125 8127 8128 8133 8134 8135 8136 8141 8142 8143 8144 8145 8146
    8148 8151 8155 8160 8161 8162 8165 8166 8167 8168 8169 8170 8172 8173 8174 8175
    8177 8179 8181 8182 8187 8194 8195 8201 8202 8203 8205 8206 8207 8208 8211 8212
    8213 8217 8218 8219 8221 8222 8223 8230 8231 8235 8239 8241 8245 8248 8250 8253
    8255 8256 8260 8263 8266 8267 8268 8270 8271 8273 8275 8285 8288 8289 8294 8295
    8302 8303 8305 8307 8309 8310 8314 8315 8316 8317 8318 8319 8320 8323 8324 8325
    8329 8333 8335 8337 8340 8342 8350 8351 8352 8353 8354 8360 8361 8363 8365 8366
    8368 8369 8370 8371 8379 8385 8386 8390 8391 8392 8399 8400 8408 8410 8411 8412
    8414 8415 8417 8421 8422 8423 8425 8426 8430 8431 8432 8433 8435 8439 8442 8443
    8444 8445 8447 8448 8455 8458 8459 8460 8462 8464 8466 8469 8470 8472 8475 8476
    8478 8480 8481 8482 8483 8484 8485 8486 8487 8489 849 8490 8492 8493 8496 8497
    8499 8501 8503 8508 8511 8514 8517 8518 8519 8520 8522 8524 8525 8526 8528 8529
    8530 8531 8532 8536 8537 8538 8540 8541 8543 8547 8548 8550 8551 8559 8560 8561
    8568 8570 8571 8573 8574 8575 8576 8577 8579 8581 8586 8588 8589 8592 8593 8594
    8595 8596 8597 8598 8601 8602 8606 8608 8609 8613 8614 8620 8621 8622 8623 8624
    8625 8626 8627 8629 8631 8635 8637 8642 8643 8644 8654 8656 8659 8662 8663 8664
    8665 8668 8678 8679 8680 8681 8682 8683 8684 8694 8695 8696 8701 8702 8703 8704
    8707 8708 8710 8711 8715 8716 8718 8719 8722 8726 8732 8733 8737 8739 8740 8745
    8746 8747 8748 8753 8755 8756 8758 8759 8761 8762 8763 8776 878 8783 8784 8786
    8795 8797 8799 8800 8802 8803 8805 8807 8811 8813 8815 8818 8819 8821 8822 8827
    8829 8831 8833 8834 8835 8837 8840 8841 8842 8851 8852 8855 8860 8870 8872 8876
    8883 8885 8888 8889 8896 8898 8899 8900 8901 8904 8905 8919 8922 8933 8956 8957
    8990 8996 8998 8999 9001 9002 9003 9004 9005 9006 9007 9008 9009 9010 9011 9012
    9013 9014 9015 9016 9017 9018 9019 9020 9021 9022 9023 9024 9025 9026 9027 9028
    9029 9030 9031 9032 9033 9042 9046 9047 9052 9061 9070 9072 9073 9082 9083 9084
    9086 9087 9088 9089 9118 9119 9120 9121 9122 9123 9124 9125 9126 9127 9128 9129
    9130 9131 9132 9133 9134 9135 9136 9137 9138 9139 9140 9141 9142 9143 9144 9145
    9146 9147 9149 9151 9153 9154 9158 9161 9162 9163 9172 9173 9174 9176 9179 9182
    9184 9185 9192 9202 9206 9215 9216 9217 9219 9220 9221 9222 9223 9224 9225 9230
    9231 9233 9234 9235 9236 9238 9239 9242 9248 9249 9257 9258 9260 9261 9264 9277
    9278 9279 9280 9281 9282 9283 9284 9285 9286 9327 9330 9381 9382 9384 9385 9388
    9407 9435 9448 9449 9450 9451 9452 9453 9454 9455 9456 9457 9458 9459 9460 9461
    9462 9463 9464 9465 9466 9467 9468 9469 9470 9471 9472 9473 9474 9475 9476 9477
    9478 9479 9480 9481 9482 9483 9484 9485 9486 9487 9498 9499 9500 9501 9502 9503
    9504 9505 9506 9507 9508 9509 9510 9511 9512 9513 9514 9515 9516 9517 9518 9519
    9520 9521 9522 9523 9524 9525 9526 9527 9528 9529 9530 9531 9532 9533 9534 9535
    9536 9537 9538 9539 9540 9541 9542 9543 9544 9545 9546 9547 9548 9549 9560 9562
    9569 9570 9573 9581 9584 9585 9588 9592 9594 9596 9597 9598 9599 9601 9603 9605
    9607 9609 9610 9616 9618 9620 9621 9628 9629 9630 9631 9637 9642 9646 9648 9649
    9650 9653 9654 9655 9656 9657 9658 9660 9665 9666 9667 9673 9677 9679 9683 9686
    9693 9694 9697 9698 9701 9702 9706 9709 9711 9712 9713 9714 9716 9717 9719 9722
    9723 9725 9728 9729 9731 9734 9740 9747 9748 975 9772 9773 9775 9776 9777 9779
    9780 9786 9787 9791 9797 9798 9800 9803 9804 9805 9807 9808 9821 9825 9826 9827
    9830 9831 9832 9834 9835 9837 9841 9844 9846 9852 9853 9856 9857 9866 9875 9876
    9882 9884 9885 989 9892 9894 9895 9899 9903 9905 9906 991 9910 9912 9914 9916
    9920 9926 993 9932 9934 9936 9937 9940 9942 9944 9945 9947 9951 9954 9959 9964
    9965 9966 9968 9969 9975 9976 9980 9982 9983 9984 9985 9986 9987 9991 9993 9994
    9996 9997 9175 519 8204 10182 6403 4215 12036 11702 5569 11406 11849 11830 12035
    12253 12653 12833 4525 5693 12599 8200 12647 10332 11042 10541 10651 11166 11882
    12418 12681 9578 12188 12645 11212 12415 12771 13376 13400 13401 13402 13403 13404
    13405 13406 13407 13408 13409 13410 14030 14077 14097 14110 14149 14152 14213
    14227 14328 14246 14375 14393 14394 14408 14448 14494 14505 14520 14544 14555
    14557 14653 14673 14702 14742 14748 14795 14813 14815 14876 14907 14908 14909
    14917 14951 15088 15089 15107 15135 15139 15141 15147 15149 15150 15151 15161
    15162 15166 15167 15172 15178 15180 15183 15184 15188 15191 15192 15193 15198
    15199 15208 15215 15220 15222 15227 15229 15230 15232 15233 15235 15236 15238
    15245 15247 15252 15253 15256 15261 15263 15266 15267 15268 15271 15273 15185
    15189 15210 15229 15230 15240 15242 15243 15246 15249 15250 15262 15275 15276
    15278 15279 15283 15286 15290 15295 15296 15304 15310 15311 15312 15320 12547
    12722 12839 13074 14078 14410 14961 14787 15022 15023 15028 15030 15054 15055
    15085 15093 15094 15120 15124 15126 15127 15131 15137 15138 15143 15144 15158
    7621 15288 15273 15306 15325 3617 12672 15055 15440 15454 15453 15456 15261 14030
    15463 8818 15294 15434 15475 15482 15399 2504 14353 15467 10466 15478 15499 12276
    15494 15495 15498 15326 15341 15342 15343 15344 15345 4758 15323 15529 15532 15534
    15541 15540 15193 15535 15527 15298 13488 13351 13213 13837 2892 9163 15235 15562
    15564 15569 8796 7864 15556 4640 15402 15607 15566 15559 15528 15631 15582 15620
    15651 15653 15581 15648 15664 15667 15519 15264 15674 7188 15672 10637 15685 15688
    15629 15689 15690 15614 15593 15691 15679 15710 15699 15704 15700 15714 15719
    15720 15721 15723 15726 15724 15634 15727 15533 15617 15733 15732 15716 15737
    15738 15640 14902 15750 15632 15692 15739 14520 15429 15616 15661 15764 15765
    15766 15767 15768 15769 15770 15772 15774 15777 15751 15480 12559 15786 15787
    15788 15790 15791 15792 15789 15794 15798 15779 15780 15804 15810 15811 15725
    15762 15180 15172 15167 15183 15188 15191 15192 15198 15199 15208 15215 15220
    15222 15227 15232 15233 15120 15124 15806 15819 15808 15826 15763 15547 15829
    8708 13529 13633 15728 7761 14453 15835 6057 5944 5891 15845 12610 15850 4925
    6014 5914 5946 8485 15849 15851 15698 15678 15861 15854 15809 15828 15759 15761
    15866 15141 15783 15867 15872 15880 4250 15840 15539 15744 15150 15151 15900 15899
    15882 15902 15905 15906 15909 15910 15908 15525 15500 15913 15914 15916 15915
    15918 15816 15921 15924 15925 15923 15881 15842 15893 15928 11497 15919 15834
    15951 15903 13802 15968 15970 8547 4329 15889 15980 15984 15586 15740 15971 16016
    16039 16045 16047 16002 16013 16031 16006 16058 16077 16008 16033 16036 16084
    16089 15448 16052 16011 16082 16061 16087 16030 16042 16029 16048 7591 15973 15280
    15907 2050 16114 15999 16127 16128 15950 16060 16068 16066 16059 16075 16139 16135
    16144 16145 16064 16148 16073 16057 15178 15252 15293 15324 15361 15389 15404
    15410 15414 15420 15428 15437 15438 15439 15449 15452 15481 15514 15557 15567
    15576 15609 15623 15630 15635 15636 15693 15694 15711 15749 15858 15862 15869
    15879 15901 15920 15931 15963 15975 15977 15978 15988 15992 15996 16000 16004
    16007 16010 16012 16017 16018 16019 16020 16022 16025 16026 16028 16032 16034
    16035 16037 16038 16043 16044 16065 16067 16069 16071 16076 16080 16085 16090
    16091 16099 16104 16106 16107 16117 16118 16120 16122 16150 16158 16165 16174
    16176 16180 16188 16190 16192 16197 16198 16199 16200 16202 16205 16207 16210
    16216 16220 16224 16226 16238 16239 16240 16241 16245 16246 16250 16253 16256
    16259 16265 16275 16278 16281 16282 16285 16298 16299 16304 16308 16311 16312
    16314 16316 16317 16320 16324 12823 13672 13673 13850 14078 14098 14099 14410
    14448 14577 14738 14787 14911 14912 14920 14922 14961 15063 15083 15148 15155
    15156 15157 15162 15165 15166 15168 15169 15171 15173 15174 15175 15176 15177
    15182 15185 15189 15194 15205 15209 15210 15211 15213 15221 15229 15230 15240
    15242 15243 15245 15246 15247 15249 15250 15253 15256 15262 15263 15267 15268
    15271 15275 15276 15278 15279 15281 15283 15286 15290 15295 15296 15304 15309
    15310 15311 15312 15320 15327 15340 15346 15350 15352 15357 15358 15363 15364
    15367 15374 15375 15376 15377 15381 15382 15392 15397 15408 15413 15418 15427
    15158 15161 15164 15236 15238 15266 15287 15292 15299 15308 15313 15347 15356
    15359 15362 15369 15378 15386 15390 15394 15419 15445 15450 15460 15461 15489
    15493 15496 15501 15511 15516 15517 15524 15542 15546 15552 15554 15558 15568
    15570 15578 15580 15583 15585 15589 15590 15597 15598 15599 15600 15601 15602
    15603 15604 15618 15628 15643 15646 15649 15655 15669 15687 15703 15709 15736
    15754 15755 15756 15758 15773 15776 15781 15784 15793 15800 15801 15807 15814
    15823 15824 15830 15832 15833 15836 15839 15846 15847 15859 15868 15885 15888
    15930 15932 15937 15938 15939 15940 15942 15946 15954 15958 15961 15966 15975
    15977 15988 15992 15996 16000 16004 16007 16010 16012 16017 16018 16019 16020
    16022 16025 16026 16028 16032 16034 16035 16037 16038 16043 16044 16065 16067
    16069 16071 16076 16080 16085 16093 16094 16099 16106 16107 16117 16118 16120
    16121 16122 16126 16149 16158 16176 16265
    15322 15479 15521 15574 15752 15883
    15990 16009 16021 16023 16024 16027 16028 16041 16049 16053 16055 16057 16062
    16063 16064 16070 16072 16073 16074 16078 16079 16081 16091 16096 16100 16104
    16108 16116 16120 16134 16137 16142 16146 16148 16151 16153 16168 16171 16177
    16179 16181 16182 16185 16187 16189 16193 16194 16195 16203 16204 16206 16208
    16209 16221 16222 16225 16231 16234 16237 16255 16261 16268 16269 16271 16273
    16274 16275 16279 16284 16286 16287 16290 16294 16295 16296 16297 16299 16300
    16303 16309 16313 16317 16320 16325 16326 16327 16334 16336 16339 16342 16346
    16348 16349 16351 16359 16363 16367 16371 16376 16382 16395 16397 16377 14626
    14719 14880 15041 15241 15265 15405 15782 15860 15863 15890 15911
    8902 10331 11032
    11156 11235 12109 12154 12291 12316 12358 12360 12732 12740 12842 12843 12859
    12870 12997 13038 13040 13049 13085 13121 13124 13162 13223 13283 13356 13372
    13373 13463 13468 13479 13514 13537 13542 13647 13674 13742 13778 13797 13820
    13851 13919 13945 13965 15682 15952 15964 16140 16184 16211 16212 16213 16217
    13226 12119 15082 15244 13869 16328 16337 16341 16347 16355 16373 16385 16392
    16394 16396 16400 16412 16436 16437 16439 16440 16442 16443 16454 16458 16459
    16460 16461 16467 16474 16478 16481 16486 16492 16493 16494 16502 16518 16521
    16523 16524 16526 16527 16528 16530 16531 16532 16535 16537 16538 16540 16542
    16545 16546 16547 16553 16558 16561 16572 16574 16575 16587 16592 16599 16601
    16607 16610 16616 16621 16623 16624 16626 16627 16628 16631 16638 16646 16654
    16660 16667 16674 16682 16694 16696 16699 16706 16707 16714 16716 16717 16724
    16725 16728 16729 16730 16731 16740 16744 16752 16753 16762 16764 16765 16768
    16771 16773 16774 16776 16782 16783 16784 16787 16789 16792 16794 16795 16811
    16812 16813 16814 16819 16820 16821 16822 16834 16835 16843 16844 16845 16852
    16854 16862 16884 16887 16897 16916 16921 16924 16925 16930 16938 16943 16947
    16953 16954 16956 16957 16965 16975 16977 16979 16983 16991 16999 17044 16329
    16345 16350 16352 16353 16354 16390 16393 16401 16405 16407 16408 16410 16418
    16421 16422 16423 16424 16430 16431 16441 16446 16451 16463 16466 16477 16479
    16488 16491 16500 16501 16503 16504 16505 16509 16519 16520 16533 16534 16536
    16539 16541 16543 16544 16550 16554 16555 16556 16557 16559 16564 16568 16581
    16588 16590 16593 16595 16597 16600 16603 16604 16605 16608 16609 16612 16614
    16617 16619 16629 16630 16637 16639 16641 16642 16644 16645 16647 16650 16653
    16658 16659 16661 16662 16663 16665 16669 16670 16671 16672 16675 16676 16678
    16684 16695 16697 16698 16700 16701 16702 16703 16704 16705 16708 16709 16710
    16711 16712 16713 16715 16718 16719 16720 16721 16722 16723 16726 16727 16732
    16733 16734 16735 16736 16737 16738 16739 16741 16742 16745 16746 16747 16748
    16749 16750 16751 16754 16755 16756 16757 16758 16761 16763 16766 16767 16769
    16770 16772 16775 16777 16779 16780 16781 16786 16791 16793 16796 16799 16804
    16806 16808 16818 16826 16846 16850 16853 16855 16857 16860 16864 16867 16870
    16871 16872 16874 16875 16879 16882 16885 16886 16890 16894 16899 16901 16903
    16905 16907 16908 16909 16912 16914 16920 16927 16928 16931 16934 16937 16939
    16944 16946 16950 16952 16955 16959 16962 16963 16964 16968 16969 16973 16976
    16982 16986 16993 16997 17001 17011 17013 17014 17015 17016 17024 17028 17034
    17037 17038 17040 17041 17046 17060 17061 17066 16514 16515 16516 16655 16800
    16856 16861 16889 16923 16960 16994 17004 17005 17009 17010 17019 17031
    2365 3151 3785 4194 6294 7685 9734 12415 12823 13376 13879 13983 14297
    14656 15089 15184 15322 15479 15521 15574 15752 15883 15990 16009
    16021 16023 16024 16027 16028 16041 16049 16053 16055 16057 16062
    16063 16064 16070 16072 16073 16074 16078 16079 16081 16091 16096
    16100 16104 16108 16116 16120 16134 16137 16142 16146 16148 16151
    16153 16168 16171 16177 16179 16181 16182 16185 16187 16189 16193
    16194 16195 16203 16204 16206 16208 16209 16221 16222 16225 16231
    16234 16237 16255 16261 16268 16269 16271 16273 16274 16275 16279
    16284 16286 16287 16290 16294 16295 16296 16297 16299 16300 16303
    16309 16313 16317 16320 16325 16326 16327 16334 16336 16339 16342
    16346 16348 16349 16351 16359 16363 16367 16371 16376 16382 16395
    16397
    2733 2986 3003 4820 6991 7014 8270 8492 8622 8654 8663 10229 11032 11246
    12966 13040 13124 13463 13965 14917 14990 15178 15324 15571 15623 15630 15773
    16010 16071 16158 16220 16236 16292 16502 16532 16657 16716 16760 16768 16782
    16865 16869 16889 16947 16977 16979 16980 17007 17022 17045 17058 17068 17069
    17076 17079 17091 17092 17095 17096 17106 17108 17113 17117 17118 17132 17140
    17147 17150 17151 17153 17154 17156 17158 17162 17163 17164 17165 17166 17169
    17172 17178 17179 17182 17185 17187 17188 17195 17196 17198 17206 17211 17221
    17222 17224 17225 17226 17227 17228 17242 17244 17245 17246 17247 17248 17257
    17258 17259 17263 17269 17270 17271 17274 17275 17277 17278 17284 17285 17286
    17289 17290 17292 17294 17295 17299 17302 17310 17313 17320 17321 17324 17330
    17331 17335 17336 17337 17339 17340 17341 17346 17350 17353 17354 17358 17360
    17365 17366 17372 17373 17374 17375 17383 17391 17392 17393 17396 17408 17417
    17421 17425 17428 17433 17435 17437 17443 17466 17467 17474 17475 17478 17496
    17039
    17042 17043 17044 17051 17053 17062 17065 17072 17077 17083 17085 17088 17097
    17099 17100 17121 17126 17128 17134 17138 17139 17143 17144 17146 17155 17167
    17174 17175 17192 17199 17219 17232 17237 17240 17250 17255 17264 17272 17298
    17301 17305 17308 17309 17317 17318 17319 17326 17342 17343 17349 17355 17367
    17368 17369 17370 17385 17411
    17093 17094 17104 17116 17152 17159 17200 17208 17210
    17229 17288 17311 17322 17325 17344 17351 17361 17362 17363 17384 17388
    16824 758 10925 12802 13375 14732 13629 13519 9259
    17180 17223 16926 16602
    14788 17006 14786 14778 14664 14789 14607 14660 17107 16484 14659 15426 16175 16374 15136
    1014 1885 1902 3146 3723 3761 4248 4251 4704 4869 5569 5570 5740 5912 5963 6000 6071 6085 6089
    6808 6868 7242 7266 7435 8200 8719 9578 9936 10161 10427 10541 11156 11212 11235 11252 11406
    12085 12119 12138 12154 12358 12599 12797 12955 12985 13049 13226 13238 13479 13503 13514 13537
    13683 13713 13749 13896 14177 14246 14295 14555 14607 14626 14815 15293 15389 15410 15496 15552
    15558 15628 15646 15736 15833 16175 16202 16245 16285 16374 16377 16412 16440 16515 16516 16546
    16547 16572 16574 16575 16655 16728 16800 16815 16824 16923 16960 17030 17086 17104 17180 17200
    17223 17309 17311 17322 17325 17370 17379 17422 17424 17439 17448 17451 17473 17491 17497 17504
    17505 17514 17516 17518 17520 17528 17531 17534 17541 17548 17551 17553 17556 17557 17559 17562
    17567 17568 17569 17571 17576 17580 17592 17593 17594 17598 17599 17601 17604 17609 17610 17611
    17612 17616 17620 17621 17623 17624 17626 17627 17629 17636 17637 17638 17642 17649 17650 17651
    17654 17656 17657 17658 17661 17662 17663 17664 17669 17670 17672 17678 17690 17692 17694 17695
    17699 17704 17714 17717 17718 17719 17720 17723 17724 17727 17728 17738 17740 17741 17743 17744
    17747 17748 17749 17750 17754 17755 17759 17763 17766 17771 17774 17779 17780 17782 17783 17786
    17798 17806 17811 17812 17813 17817 17821 17823 17824 17831 17834 17837 17844 17845 17846 17849
    17852 17862 17866 17867 17871 17876 17878 17891 17893 17899 17909 17912 17916 17921 17930 17934
    17935 17946 17947 17955 17967 17969 17972 17976 17980 17985 17993 17998 17999 18000 18002 18006
    18011 18014 18024 18031 18032 18034 18039 18040 18041 18045 18046 18049 18062 18065 18068 18076
    18082 18083 18087 18088 18089 18097 18106 18107 18110 18114 18115 18116 18117 18119 18125 18127
    18138 18139 18140 18141 18142 18145 18146 18147 18148 18153 18165 18182 18189 18196 18213 18215
    18221 18225 18229 18230 18231 18235 18242 18244 18249 18256 18258 18281 18283 18286 18287 18296
    18297 18298 18327 18362 18365
    15974 15975 15976 15977 15986 15988 15992 15996 16000 16004 16007 16012 16017 16018 16019 16020
    16022 16025 16026 16032 16034 16035 16037 16038 16043 16044 16065 16067 16069 16080 16085 16093
    16094 16099 16101 16106 16117 16118 16121 16122 16124 16126 16149 16165 16169 16176 16180 16188
    16190 16192 16197 16198 16200 16205 16207 16216 16224 16238 16239 16240 16241 16246 16250 16252
    16253 16256 16265 16267 16270 16278 16281 16282 16298 16304 16308 16311 16328 16333 16337 16341
    16347 16355 16357 16373 16385 16392 16396 16398 16400 16415 16436 16437 16439 16442 16443 16452
    16454 16456 16458 16459 16460 16461 16467 16474 16478 16481 16483 16486 16492 16493 16494 16512
    16517 16518 16521 16522 16523 16524 16525 16526 16527 16528 16530 16531 16535 16537 16538 16540
    16542 16545 16553 16558 16561 16567 16587 16591 16592 16594 16598 16599 16601 16607 16610 16613
    16616 16621 16623 16624 16626 16627 16628 16631 16638 16646 16652 16654 16660 16666 16667 16674
    16680 16682 16689 16694 16696 16699 16706 16707 16714 16717 16724 16725 16729 16730 16731 16740
    16744 16752 16753 16762 16764 16765 16771 16773 16774 16776 16783 16784 16787 16789 16792 16794
    16795 16811 16812 16813 16814 16819 16820 16821 16822 16825 16834 16838 16841 16843 16844 16845
    16848 16852 16854 16861 16862 16876 16884 16887 16897 16900 16916 16921 16924 16925 16929 16930
    16938 16940 16943 16953 16954 16956 16957 16965 16971 16975 16991 16999 17004 17005 17009 17019
    17020 17023 17025 17029 17031 17039 17042 17043 17044 17051 17053 17062 17065 17072 17077 17083
    17085 17088 17094 17097 17099 17100 17121 17126 17128 17129 17130 17134 17135 17138 17139 17143
    17144 17146 17155 17160 17167 17174 17175 17181 17184 17192 17193 17199 17219 17230 17232 17237
    17241 17250 17254 17255 17264 17272 17298 17300 17301 17305 17308 17317 17318 17319 17326 17342
    17343 17344 17349 17351 17355 17361 17362 17363 17367 17368 17369 17384 17385 17386 17388 17398
    17411 17412 17415 17423 17427 17430 17431 17441 17444 17450 17453 17463 17471 17476 17487 17494
    17498 17501 17502 17521 17523 17525 17527 17532 17543 17544 17547 17558 17560 17563 17565 17572
    17575 17579 17581 17583 17584 17595 17596 17606 17607 17615 17630 17631 17633 17634 17643 17644
    17645 17647 17652 17655 17659 17660 17667 17671 17673 17685 17691 17700 17705 17711 17721 17742
    17751 17752 17756 17757 17758 17762 17767 17775 17776 17781 17789 17809 17810 17815 17818 17820
    17822 17825 17828 17839 17841 17854 17855 17856 17858 17861 17870 17872 17877 17882 17885 17900
    17901 17907 17910 17914 17917 17923 17932 17940 17941 17948 17950 17952 17970 17973 17974 17975
    17979 17983 17986 17988 17990 17994 17995 18007 18037 18042 18054 18056 18057 18059 18060 18067
    18069 18075 18080 18086 18093 18094 18095 18099 18100 18102 18118 18122 18137 18151 18152 18159
    18166 18185 18186 18191 18193 18204 18205 18217 18222 18232 18245 18250 18251 18253 18254 18257
    18259 18278 18282
    16226 16227 16324 16414 16480 16508 16514 16856 16994 17010 17093 17116 17152 17159 17208 17210
    17229 17288 17555 17570 17590 17646 17746 17865 17906 17931 17964 18005 18066 18071 18098 18103
    18104 18169 18171 18187 18302 18352 18364
    33 2458 2826 3392 3609 3634 3643 4246 4510 5143 5770 5860 6448 6508 6554 6695 7013 7032 7202 7241
    7396 7498 7672 8802 9630 9665 9723 9772 10182 10331 10963 11079 11973 12225 12316 12418 12794 13677
    13739 13742 13857 14100 14152 14391 14479 14530 14813 14880 14908 15107 15164 15361 15414 15635
    15636 15693 15694 15749 15846 15858 15920 16038 16140 16212 16213 16304 16470 16471 16472 16542
    16621 16660 16854 16861 16991 17093 17116 17152 17174 17210 17249 17272 17288 17298 17487 17521
    17555 17646 17746 17791 17887 18025 18048 18059 18104 18169 18171 18206 18245 18302 18303 18343
    18349 18351 18377 18378 18384 18387 18388 18395 18397 18399 18400 18404 18408 18409 18419 18422
    18428 18434 18440 18443 18444 18450 18465 18474 18475 18485 18487 18488 18499 18500 18503 18513
    18515 18517 18518 18519 18525 18529 18533 18534 18535 18536 18537 18542 18545 18547 18548 18551
    18554 18556 18560 18562 18564 18566 18570 18571 18573 18575 18583 18590 18591 18597 18599 18602
    18609 18614 18616 18617 18618 18623 18628 18630 18632 18637 18638 18640 18650 18654 18659 18661
    18667 18669 18670 18689 18697 18698 18700 18702 18703 18707 18712 18715 18719 18722 18723 18724
    18726 18728 18729 18734 18735 18736 18739 18740 18745 18753 18756 18773 18776 18777 18787 18793
    18798 18820 18854 18863 18864 18878 18901 18906 18919 18920 18922 18923 18930 18936 18954 18962
    18977 18982 18985 18993 19005 19006 19013 19018 19020 19036 19044
    18372 18383 18386 18391 18392 18403 18405 18407 18414 18416 18421 18431 18435 18438 18441 18445
    18446 18448 18449 18452 18454 18476 18493 18494 18497 18505 18509 18510 18511 18512 18520 18523
    18526 18528 18546 18557 18559 18563 18565 18567 18568 18577 18578 18581 18585 18592 18593 18604
    18606 18620 18627 18631 18648 18653 18655 18665 18668 18678 18681 18690 18701 18709 18720 18731
    18741 18742 18746 18750 18758 18766 18767 18768 18770 18772 18784 18801 18813 18819 18822 18823
    18826 18828 18831 18832 18833 18834 18835 18836 18839 18847 18851 18852 18855 18860 18873 18879
    18886 18902 18903 18904 18907 18909 18928 18931 18944 18957 18961 18963 18964 18976 18981 18984
    18989 18992 18994 18997 19038
    18373 18471 18472 18482 18498 18579 18607 18615 18652 18666 18688 18693 18713 18788 18800 18862
    18870 18889 18908 18926 18973 18975 19012
    16323 16383 16880
    14788 17006 14786 14778 14664 14789 14607 14660 17107 16484 14659 15426 16175 16374 15136 18313 18364 18652 18664
    5897 5957 6035 6058 7296 10175 11481 12653 13085 13816 14513 14951 16278 17367 17407 18007 19051 19057 19061 19087
    19088 19108 19112 19133 19136 19153 19159 19185 19187 19193 19206 19211 19212 19215 19216 19218 19219 19223 19232 19233 19235 19236 19258 19277
    19069 19070 19075 19076 19081 19084 19085 19095 19096 19101 19102 19103 19104 19105 19107 19110 19111 19118 19119 19120 19122 19134 19138 19139
    19140 19142 19143 19146 19148 19149 19150 19151 19152 19154 19155 19156 19158 19162 19163 19164 19165 19166 19175 19177 19183 19189 19199 19207
    19214 19220
    19116 19202 19208 19231 19274
